150
1357.0 1905.0 32.0 87.0 0.23 1
2650.0 802.0 42.0 67.0 0.38 0
1774.0 107.0 91.0 83.0 0.22 0
1307.0 964.0 31.0 83.0 0.36 0
3806.0 746.0 62.0 87.0 0.38 0
2687.0 1353.0 90.0 79.0 0.2 0
43.0 1957.0 30.0 79.0 0.2 0
3092.0 1668.0 90.0 79.0 0.2 0
185.0 1542.0 27.0 67.0 0.3 0
834.0 629.0 33.0 91.0 0.24 0
40.0 462.0 62.0 87.0 0.23 0
1183.0 1391.0 64.0 95.0 0.41 0
2048.0 1628.0 86.0 63.0 0.44 0
1097.0 643.0 40.0 60.0 0.2 0
1838.0 1732.0 70.0 60.0 0.35 0
234.0 1118.0 12.0 67.0 0.38 0
3314.0 1881.0 75.0 79.0 0.42 0
737.0 1285.0 52.0 107.0 0.23 0
779.0 777.0 36.0 103.0 0.44 0
2312.0 1949.0 41.0 63.0 0.22 0
2576.0 189.0 75.0 79.0 0.28 0
3078.0 1541.0 39.0 115.0 0.48 0
2781.0 478.0 29.0 75.0 0.48 0
705.0 1812.0 97.0 107.0 0.46 0
3409.0 1917.0 26.0 63.0 0.29 0
323.0 1714.0 67.0 107.0 0.46 0
1660.0 1556.0 76.0 83.0 0.44 0
3729.0 1188.0 67.0 107.0 0.46 0
693.0 1383.0 16.0 83.0 0.44 0
2361.0 640.0 41.0 63.0 0.22 0
2433.0 1538.0 21.0 103.0 0.36 0
554.0 1825.0 49.0 95.0 0.48 0
913.0 317.0 70.0 60.0 0.35 0
3586.0 1909.0 15.0 79.0 0.42 0
2636.0 727.0 43.0 71.0 0.24 0
1000.0 457.0 27.0 67.0 0.46 0
482.0 1337.0 29.0 75.0 0.48 0
3704.0 1082.0 26.0 63.0 0.29 0
3635.0 1174.0 49.0 95.0 0.34 0
1362.0 1526.0 18.0 91.0 0.32 0
2049.0 417.0 46.0 83.0 0.29 0
2552.0 1909.0 61.0 83.0 0.22 0
3939.0 640.0 89.0 75.0 0.48 0
219.0 898.0 47.0 87.0 0.46 0
812.0 351.0 93.0 91.0 0.24 0
901.0 1552.0 33.0 91.0 0.4 0
2513.0 1572.0 45.0 79.0 0.28 0
242.0 584.0 26.0 63.0 0.29 0
826.0 1226.0 82.0 107.0 0.38 0
3278.0 799.0 37.0 107.0 0.46 0
86.0 1065.0 81.0 103.0 0.36 0
14.0 454.0 28.0 71.0 0.32 0
1327.0 1893.0 80.0 99.0 0.2 0
2773.0 1286.0 19.0 95.0 0.48 0
2469.0 1838.0 87.0 67.0 0.3 0
3835.0 963.0 38.0 111.0 0.47 0
1031.0 428.0 29.0 75.0 0.48 0
3853.0 1712.0 85.0 60.0 0.28 0
1868.0 197.0 95.0 99.0 0.28 0
1544.0 863.0 77.0 87.0 0.3 0
457.0 1607.0 94.0 95.0 0.26 0
3174.0 1064.0 18.0 91.0 0.47 0
192.0 1004.0 36.0 103.0 0.44 0
2318.0 1925.0 23.0 111.0 0.24 0
2232.0 1374.0 16.0 83.0 0.29 0
396.0 828.0 64.0 95.0 0.26 0
2365.0 1649.0 64.0 95.0 0.41 0
2499.0 658.0 17.0 87.0 0.46 0
1410.0 307.0 17.0 87.0 0.46 0
2990.0 214.0 64.0 95.0 0.26 0
3646.0 1018.0 84.0 115.0 0.26 0
3394.0 1028.0 22.0 107.0 0.23 0
1779.0 90.0 79.0 95.0 0.34 0
1058.0 372.0 90.0 79.0 0.35 0
2933.0 1459.0 82.0 107.0 0.38 0
3099.0 173.0 42.0 67.0 0.38 0
2178.0 978.0 16.0 83.0 0.44 0
138.0 1610.0 48.0 91.0 0.32 0
2082.0 1753.0 65.0 99.0 0.42 0
2302.0 1127.0 19.0 95.0 0.34 0
805.0 272.0 97.0 107.0 0.46 0
22.0 1617.0 29.0 75.0 0.48 0
3213.0 1085.0 78.0 91.0 0.47 0
99.0 536.0 15.0 79.0 0.42 0
1533.0 1780.0 83.0 111.0 0.4 0
3564.0 676.0 20.0 99.0 0.2 0
29.0 6.0 45.0 79.0 0.42 0
3808.0 1375.0 63.0 91.0 0.24 0
2221.0 291.0 92.0 87.0 0.38 0
3499.0 1885.0 84.0 115.0 0.26 0
3124.0 408.0 32.0 87.0 0.38 0
781.0 671.0 22.0 107.0 0.38 0
1027.0 1041.0 98.0 111.0 0.32 0
3249.0 378.0 37.0 107.0 0.3 0
3297.0 491.0 18.0 91.0 0.32 0
213.0 220.0 83.0 111.0 0.4 0
721.0 186.0 17.0 87.0 0.3 0
3736.0 1542.0 68.0 111.0 0.47 0
868.0 731.0 79.0 95.0 0.48 0
960.0 303.0 13.0 71.0 0.24 0
1380.0 939.0 79.0 95.0 0.48 0
2848.0 96.0 74.0 75.0 0.26 0
3510.0 1671.0 61.0 83.0 0.22 0
457.0 334.0 81.0 103.0 0.36 0
3888.0 666.0 64.0 95.0 0.41 0
984.0 965.0 69.0 115.0 0.34 0
2721.0 1482.0 73.0 71.0 0.24 0
1286.0 525.0 21.0 103.0 0.36 0
2716.0 1432.0 18.0 91.0 0.32 0
738.0 1325.0 93.0 91.0 0.24 0
1251.0 1832.0 33.0 91.0 0.24 0
2728.0 1698.0 26.0 63.0 0.29 0
3815.0 169.0 34.0 95.0 0.26 0
3683.0 1533.0 96.0 103.0 0.44 0
1247.0 1945.0 52.0 107.0 0.38 0
123.0 862.0 95.0 99.0 0.28 0
1234.0 1946.0 40.0 60.0 0.2 0
252.0 1240.0 62.0 87.0 0.38 0
611.0 673.0 34.0 95.0 0.26 0
2576.0 1676.0 32.0 87.0 0.38 0
928.0 1700.0 28.0 71.0 0.32 0
53.0 857.0 20.0 99.0 0.35 0
1807.0 1711.0 18.0 91.0 0.47 0
274.0 1420.0 84.0 115.0 0.41 0
2574.0 946.0 20.0 99.0 0.2 0
178.0 24.0 32.0 87.0 0.23 0
2678.0 1825.0 13.0 71.0 0.24 0
1795.0 962.0 67.0 107.0 0.46 0
3384.0 1498.0 32.0 87.0 0.23 0
3520.0 1079.0 19.0 95.0 0.48 0
1256.0 61.0 67.0 107.0 0.46 0
1424.0 1728.0 12.0 67.0 0.38 0
3913.0 192.0 65.0 99.0 0.28 0
3085.0 1528.0 33.0 91.0 0.4 0
2573.0 1969.0 52.0 107.0 0.23 0
463.0 1670.0 73.0 71.0 0.4 0
3875.0 598.0 73.0 71.0 0.4 0
298.0 1513.0 21.0 103.0 0.36 0
3479.0 821.0 80.0 99.0 0.2 0
2542.0 236.0 88.0 71.0 0.47 0
3955.0 1743.0 38.0 111.0 0.47 0
1323.0 280.0 83.0 111.0 0.24 0
3447.0 1830.0 67.0 107.0 0.46 0
2936.0 337.0 43.0 71.0 0.4 0
1621.0 1830.0 41.0 63.0 0.36 0
3373.0 1646.0 79.0 95.0 0.48 0
1393.0 1368.0 71.0 63.0 0.22 0
3874.0 1318.0 72.0 67.0 0.38 0
938.0 955.0 13.0 71.0 0.4 0
3022.0 474.0 86.0 63.0 0.44 0
14760
