25
1380.0  939.0    0.0    0.0   0.50 1
2848.0   96.0   74.0   73.0   0.26 0
3510.0 1671.0   61.0   80.0   0.22 0
 457.0  334.0   81.0   99.0   0.36 0
3888.0  666.0   64.0   91.0   0.41 0
 984.0  965.0   69.0  110.0   0.34 0
2721.0 1482.0   73.0   69.0   0.25 0
1286.0  525.0   21.0   99.0   0.36 0
2716.0 1432.0   18.0   88.0   0.32 0
 738.0 1325.0   93.0   88.0   0.25 0
1251.0 1832.0   33.0   88.0   0.25 0
2728.0 1698.0   26.0   61.0   0.29 0
3815.0  169.0   34.0   91.0   0.26 0
3683.0 1533.0   96.0   99.0   0.44 0
1247.0 1945.0   52.0  103.0   0.38 0
 123.0  862.0   95.0   95.0   0.28 0
1234.0 1946.0   40.0   57.0   0.20 0
 252.0 1240.0   62.0   84.0   0.38 0
 611.0  673.0   34.0   91.0   0.26 0
2576.0 1676.0   32.0   84.0   0.38 0
 928.0 1700.0   28.0   69.0   0.32 0
  53.0  857.0   20.0   95.0   0.35 0
1807.0 1711.0   18.0   88.0   0.47 0
 274.0 1420.0   84.0  110.0   0.41 0
2574.0  946.0   20.0   95.0   0.20 0
14212.0
