50
1380.0  939.0    0.0    0.0   0.50 1
2848.0   96.0   74.0   75.0   0.26 0
3510.0 1671.0   61.0   82.0   0.22 0
 457.0  334.0   81.0  102.0   0.36 0
3888.0  666.0   64.0   94.0   0.41 0
 984.0  965.0   69.0  114.0   0.34 0
2721.0 1482.0   73.0   71.0   0.25 0
1286.0  525.0   21.0  102.0   0.36 0
2716.0 1432.0   18.0   90.0   0.32 0
 738.0 1325.0   93.0   90.0   0.25 0
1251.0 1832.0   33.0   90.0   0.25 0
2728.0 1698.0   26.0   63.0   0.29 0
3815.0  169.0   34.0   94.0   0.26 0
3683.0 1533.0   96.0  102.0   0.44 0
1247.0 1945.0   52.0  106.0   0.38 0
 123.0  862.0   95.0   98.0   0.28 0
1234.0 1946.0   40.0   59.0   0.20 0
 252.0 1240.0   62.0   86.0   0.38 0
 611.0  673.0   34.0   94.0   0.26 0
2576.0 1676.0   32.0   86.0   0.38 0
 928.0 1700.0   28.0   71.0   0.32 0
  53.0  857.0   20.0   98.0   0.35 0
1807.0 1711.0   18.0   90.0   0.47 0
 274.0 1420.0   84.0  114.0   0.41 0
2574.0  946.0   20.0   98.0   0.20 0
 178.0   24.0   32.0   86.0   0.23 0
2678.0 1825.0   13.0   71.0   0.25 0
1795.0  962.0   67.0  106.0   0.46 0
3384.0 1498.0   32.0   86.0   0.23 0
3520.0 1079.0   19.0   94.0   0.48 0
1256.0   61.0   67.0  106.0   0.46 0
1424.0 1728.0   12.0   67.0   0.38 0
3913.0  192.0   65.0   98.0   0.28 0
3085.0 1528.0   33.0   90.0   0.40 0
2573.0 1969.0   52.0  106.0   0.23 0
 463.0 1670.0   73.0   71.0   0.40 0
3875.0  598.0   73.0   71.0   0.40 0
 298.0 1513.0   21.0  102.0   0.36 0
3479.0  821.0   80.0   98.0   0.20 0
2542.0  236.0   88.0   71.0   0.47 0
3955.0 1743.0   38.0  110.0   0.47 0
1323.0  280.0   83.0  110.0   0.25 0
3447.0 1830.0   67.0  106.0   0.46 0
2936.0  337.0   43.0   71.0   0.40 0
1621.0 1830.0   41.0   63.0   0.36 0
3373.0 1646.0   79.0   94.0   0.48 0
1393.0 1368.0   71.0   63.0   0.22 0
3874.0 1318.0   72.0   67.0   0.38 0
 938.0  955.0   13.0   71.0   0.40 0
3022.0  474.0   86.0   63.0   0.44 0
14617.0
