25
3140.0 1401.0    0.0    0.0   0.50 1
 556.0 1056.0   92.0   79.0   0.38 0
3675.0 1522.0   77.0   79.0   0.46 0
1182.0 1853.0   75.0   72.0   0.42 0
3595.0  111.0   26.0   58.0   0.29 0
 962.0 1895.0   77.0   79.0   0.46 0
2030.0 1186.0   76.0   76.0   0.44 0
3507.0 1851.0   58.0   65.0   0.47 0
2642.0 1269.0   51.0   94.0   0.36 0
3438.0  901.0   29.0   69.0   0.48 0
3858.0 1472.0   30.0   72.0   0.35 0
2937.0 1568.0   15.0   72.0   0.28 0
 376.0 1018.0   54.0  104.0   0.41 0
 839.0 1355.0   44.0   69.0   0.41 0
 706.0 1925.0   31.0   76.0   0.36 0
 749.0  920.0   59.0   69.0   0.34 0
 298.0  615.0   23.0  101.0   0.40 0
 694.0  552.0   86.0   58.0   0.29 0
 387.0  190.0   47.0   79.0   0.46 0
2801.0  695.0   86.0   58.0   0.44 0
3133.0 1143.0   56.0   58.0   0.44 0
1517.0  266.0   83.0  101.0   0.25 0
1538.0  224.0   62.0   79.0   0.23 0
 844.0  520.0   24.0  104.0   0.26 0
2639.0 1239.0   18.0   83.0   0.47 0
13435.000000
