100
3140.0 1401.0    0.0    0.0   0.50 1
 556.0 1056.0   92.0   87.0   0.38 0
3675.0 1522.0   77.0   87.0   0.46 0
1182.0 1853.0   75.0   79.0   0.42 0
3595.0  111.0   26.0   64.0   0.29 0
 962.0 1895.0   77.0   87.0   0.46 0
2030.0 1186.0   76.0   83.0   0.44 0
3507.0 1851.0   58.0   71.0   0.47 0
2642.0 1269.0   51.0  103.0   0.36 0
3438.0  901.0   29.0   75.0   0.48 0
3858.0 1472.0   30.0   79.0   0.35 0
2937.0 1568.0   15.0   79.0   0.28 0
 376.0 1018.0   54.0  115.0   0.41 0
 839.0 1355.0   44.0   75.0   0.41 0
 706.0 1925.0   31.0   83.0   0.36 0
 749.0  920.0   59.0   75.0   0.34 0
 298.0  615.0   23.0  111.0   0.40 0
 694.0  552.0   86.0   64.0   0.29 0
 387.0  190.0   47.0   87.0   0.46 0
2801.0  695.0   86.0   64.0   0.44 0
3133.0 1143.0   56.0   64.0   0.44 0
1517.0  266.0   83.0  111.0   0.25 0
1538.0  224.0   62.0   87.0   0.23 0
 844.0  520.0   24.0  115.0   0.26 0
2639.0 1239.0   18.0   91.0   0.47 0
3123.0  217.0   20.0   99.0   0.20 0
2489.0 1520.0   59.0   75.0   0.34 0
3834.0 1827.0   91.0   83.0   0.22 0
3417.0 1808.0   15.0   79.0   0.28 0
2938.0  543.0   71.0   64.0   0.22 0
  71.0 1323.0   54.0  115.0   0.41 0
3245.0 1828.0   43.0   71.0   0.40 0
 731.0 1741.0   52.0  107.0   0.38 0
2312.0 1270.0   82.0  107.0   0.23 0
2426.0 1851.0   57.0   68.0   0.46 0
 380.0  478.0   58.0   71.0   0.47 0
2310.0  635.0   75.0   79.0   0.28 0
2830.0  775.0   15.0   79.0   0.28 0
3829.0  513.0   32.0   87.0   0.23 0
3684.0  445.0   89.0   75.0   0.34 0
 171.0  514.0   65.0   99.0   0.28 0
 627.0 1261.0   98.0  111.0   0.32 0
1490.0 1123.0   13.0   71.0   0.40 0
  61.0   81.0   62.0   87.0   0.23 0
 422.0  542.0   74.0   75.0   0.26 0
2698.0 1221.0   59.0   75.0   0.48 0
2372.0  127.0   79.0   95.0   0.48 0
 177.0 1390.0   47.0   87.0   0.30 0
3084.0  748.0   62.0   87.0   0.38 0
1213.0  910.0   63.0   91.0   0.25 0
   3.0 1817.0   30.0   79.0   0.20 0
1782.0  995.0   87.0   68.0   0.46 0
3896.0  742.0   58.0   71.0   0.47 0
1829.0  812.0   41.0   64.0   0.22 0
1286.0  550.0   46.0   83.0   0.44 0
3017.0  108.0   75.0   79.0   0.28 0
2132.0 1432.0   64.0   95.0   0.26 0
2000.0 1110.0   60.0   79.0   0.35 0
3317.0 1966.0   73.0   71.0   0.25 0
1729.0 1498.0   87.0   68.0   0.30 0
2408.0 1747.0   25.0   60.0   0.42 0
3292.0  152.0   34.0   95.0   0.26 0
 193.0 1210.0   63.0   91.0   0.25 0
 782.0 1462.0   94.0   95.0   0.26 0
2503.0  352.0   75.0   79.0   0.42 0
1697.0 1924.0   31.0   83.0   0.22 0
3821.0  147.0   18.0   91.0   0.32 0
3370.0  791.0   31.0   83.0   0.22 0
3162.0  367.0   29.0   75.0   0.34 0
3938.0  516.0   54.0  115.0   0.41 0
2741.0 1583.0   14.0   75.0   0.26 0
2330.0  741.0   21.0  103.0   0.36 0
3918.0 1088.0   66.0  103.0   0.29 0
1794.0 1589.0   63.0   91.0   0.25 0
2929.0  485.0   94.0   95.0   0.41 0
3453.0 1998.0   61.0   83.0   0.36 0
 896.0  705.0   81.0  103.0   0.22 0
 399.0  850.0   89.0   75.0   0.34 0
2614.0  195.0   29.0   75.0   0.34 0
2800.0  653.0   43.0   71.0   0.40 0
2630.0   20.0   50.0   99.0   0.35 0
 563.0 1513.0   16.0   83.0   0.44 0
1090.0 1652.0   52.0  107.0   0.23 0
2009.0 1163.0   32.0   87.0   0.38 0
3876.0 1165.0   11.0   64.0   0.22 0
3084.0  774.0   88.0   71.0   0.47 0
1526.0 1612.0   88.0   71.0   0.47 0
1612.0  328.0   60.0   79.0   0.20 0
1423.0 1322.0   55.0   60.0   0.28 0
3058.0 1276.0   24.0  115.0   0.41 0
3782.0 1865.0   77.0   87.0   0.30 0
 347.0  252.0   69.0  115.0   0.48 0
3904.0 1444.0   48.0   91.0   0.32 0
2191.0 1579.0   90.0   79.0   0.35 0
3220.0 1454.0   94.0   95.0   0.41 0
 468.0  319.0   77.0   87.0   0.30 0
3611.0 1968.0   99.0  115.0   0.48 0
3114.0 1629.0   73.0   71.0   0.25 0
3515.0 1892.0   17.0   87.0   0.30 0
3060.0  155.0   75.0   79.0   0.42 0
14782.500000
