50
1357.0 1905.0    0.0    0.0   0.50 1
2650.0  802.0   42.0   66.0   0.38 0
1774.0  107.0   91.0   81.0   0.22 0
1307.0  964.0   31.0   81.0   0.36 0
3806.0  746.0   62.0   85.0   0.38 0
2687.0 1353.0   90.0   77.0   0.20 0
  43.0 1957.0   30.0   77.0   0.20 0
3092.0 1668.0   90.0   77.0   0.20 0
 185.0 1542.0   27.0   66.0   0.30 0
 834.0  629.0   33.0   89.0   0.25 0
  40.0  462.0   62.0   85.0   0.23 0
1183.0 1391.0   64.0   92.0   0.41 0
2048.0 1628.0   86.0   62.0   0.44 0
1097.0  643.0   40.0   58.0   0.20 0
1838.0 1732.0   70.0   58.0   0.35 0
 234.0 1118.0   12.0   66.0   0.38 0
3314.0 1881.0   75.0   77.0   0.42 0
 737.0 1285.0   52.0  104.0   0.23 0
 779.0  777.0   36.0  100.0   0.44 0
2312.0 1949.0   41.0   62.0   0.22 0
2576.0  189.0   75.0   77.0   0.28 0
3078.0 1541.0   39.0  112.0   0.48 0
2781.0  478.0   29.0   73.0   0.48 0
 705.0 1812.0   97.0  104.0   0.46 0
3409.0 1917.0   26.0   62.0   0.29 0
 323.0 1714.0   67.0  104.0   0.46 0
1660.0 1556.0   76.0   81.0   0.44 0
3729.0 1188.0   67.0  104.0   0.46 0
 693.0 1383.0   16.0   81.0   0.44 0
2361.0  640.0   41.0   62.0   0.22 0
2433.0 1538.0   21.0  100.0   0.36 0
 554.0 1825.0   49.0   92.0   0.48 0
 913.0  317.0   70.0   58.0   0.35 0
3586.0 1909.0   15.0   77.0   0.42 0
2636.0  727.0   43.0   69.0   0.25 0
1000.0  457.0   27.0   66.0   0.46 0
 482.0 1337.0   29.0   73.0   0.48 0
3704.0 1082.0   26.0   62.0   0.29 0
3635.0 1174.0   49.0   92.0   0.34 0
1362.0 1526.0   18.0   89.0   0.32 0
2049.0  417.0   46.0   81.0   0.29 0
2552.0 1909.0   61.0   81.0   0.22 0
3939.0  640.0   89.0   73.0   0.48 0
 219.0  898.0   47.0   85.0   0.46 0
 812.0  351.0   93.0   89.0   0.25 0
 901.0 1552.0   33.0   89.0   0.40 0
2513.0 1572.0   45.0   77.0   0.28 0
 242.0  584.0   26.0   62.0   0.29 0
 826.0 1226.0   82.0  104.0   0.38 0
3278.0  799.0   37.0  104.0   0.46 0
14372.500000
