25
1357.0 1905.0    0.0    0.0   0.50 1
2650.0  802.0   42.0   64.0   0.38 0
1774.0  107.0   91.0   79.0   0.22 0
1307.0  964.0   31.0   79.0   0.36 0
3806.0  746.0   62.0   83.0   0.38 0
2687.0 1353.0   90.0   75.0   0.20 0
  43.0 1957.0   30.0   75.0   0.20 0
3092.0 1668.0   90.0   75.0   0.20 0
 185.0 1542.0   27.0   64.0   0.30 0
 834.0  629.0   33.0   87.0   0.25 0
  40.0  462.0   62.0   83.0   0.23 0
1183.0 1391.0   64.0   90.0   0.41 0
2048.0 1628.0   86.0   60.0   0.44 0
1097.0  643.0   40.0   57.0   0.20 0
1838.0 1732.0   70.0   57.0   0.35 0
 234.0 1118.0   12.0   64.0   0.38 0
3314.0 1881.0   75.0   75.0   0.42 0
 737.0 1285.0   52.0  102.0   0.23 0
 779.0  777.0   36.0   98.0   0.44 0
2312.0 1949.0   41.0   60.0   0.22 0
2576.0  189.0   75.0   75.0   0.28 0
3078.0 1541.0   39.0  109.0   0.48 0
2781.0  478.0   29.0   72.0   0.48 0
 705.0 1812.0   97.0  102.0   0.46 0
3409.0 1917.0   26.0   60.0   0.29 0
14040.000000
